Chr	Start	End	Value
1	0	1000000	422
1	1000000	2000000	410
1	2000000	3000000	339
1	3000000	4000000	326
1	4000000	5000000	285
1	5000000	6000000	308
1	6000000	7000000	324
1	7000000	8000000	318
1	8000000	9000000	253
1	9000000	10000000	278
1	10000000	11000000	267
1	11000000	12000000	280
1	12000000	13000000	227
1	13000000	14000000	215
1	14000000	15000000	214
1	15000000	16000000	216
1	16000000	17000000	240
1	17000000	18000000	240
1	18000000	19000000	275
1	19000000	20000000	246
1	20000000	21000000	259
1	21000000	22000000	291
1	22000000	23000000	247
1	23000000	24000000	275
1	24000000	25000000	222
1	25000000	26000000	221
1	26000000	27000000	253
1	27000000	28000000	284
1	28000000	29000000	241
1	29000000	30000000	235
1	30000000	31000000	312
1	31000000	32000000	290
1	32000000	33000000	303
1	33000000	34000000	256
1	34000000	35000000	426
1	35000000	36000000	300
1	36000000	37000000	306
1	37000000	38000000	258
1	38000000	39000000	272
1	39000000	40000000	255
1	40000000	41000000	249
1	41000000	42000000	261
1	42000000	43000000	322
1	43000000	44000000	295
1	44000000	45000000	274
1	45000000	46000000	270
1	46000000	47000000	298
1	47000000	48000000	244
1	48000000	49000000	275
1	49000000	50000000	299
1	50000000	51000000	273
1	51000000	52000000	193
1	52000000	53000000	242
1	53000000	54000000	201
1	54000000	55000000	204
1	55000000	56000000	240
1	56000000	57000000	244
1	57000000	58000000	284
1	58000000	59000000	253
1	59000000	60000000	128
1	60000000	61000000	168
1	61000000	62000000	197
1	62000000	63000000	234
1	63000000	64000000	231
1	64000000	65000000	202
1	65000000	66000000	204
1	66000000	67000000	183
1	67000000	68000000	185
1	68000000	69000000	183
1	69000000	70000000	180
1	70000000	71000000	207
1	71000000	72000000	179
1	72000000	73000000	169
1	73000000	74000000	217
1	74000000	75000000	210
1	75000000	76000000	247
1	76000000	77000000	190
1	77000000	78000000	206
1	78000000	79000000	190
1	79000000	80000000	173
1	80000000	81000000	133
1	81000000	82000000	139
1	82000000	83000000	135
1	83000000	84000000	104
1	84000000	85000000	114
1	85000000	86000000	145
1	86000000	87000000	125
1	87000000	88000000	136
1	88000000	89000000	171
1	89000000	90000000	206
1	90000000	91000000	146
1	91000000	92000000	130
1	92000000	93000000	119
1	93000000	94000000	123
1	94000000	95000000	156
1	95000000	96000000	152
1	96000000	97000000	142
1	97000000	98000000	133
1	98000000	99000000	139
1	99000000	100000000	164
1	100000000	101000000	195
1	101000000	102000000	177
1	102000000	103000000	153
1	103000000	104000000	124
1	104000000	105000000	117
1	105000000	106000000	133
1	106000000	107000000	130
1	107000000	108000000	123
1	108000000	109000000	125
1	109000000	110000000	134
1	110000000	111000000	160
1	111000000	112000000	135
1	112000000	113000000	157
1	113000000	114000000	158
1	114000000	115000000	116
1	115000000	116000000	83
1	116000000	117000000	112
1	117000000	118000000	89
1	118000000	119000000	116
1	119000000	120000000	145
1	120000000	121000000	110
1	121000000	122000000	108
1	122000000	123000000	139
1	123000000	124000000	109
1	124000000	125000000	121
1	125000000	126000000	122
1	126000000	127000000	103
1	127000000	128000000	124
1	128000000	129000000	147
1	129000000	130000000	133
1	130000000	131000000	149
1	131000000	132000000	152
1	132000000	133000000	157
1	133000000	134000000	150
1	134000000	135000000	108
1	135000000	136000000	103
1	136000000	137000000	98
1	137000000	138000000	96
1	138000000	139000000	94
1	139000000	140000000	84
1	140000000	141000000	72
1	141000000	142000000	105
1	142000000	143000000	81
1	143000000	144000000	202
1	144000000	145000000	102
1	145000000	146000000	64
1	146000000	147000000	46
1	147000000	148000000	61
1	148000000	149000000	76
1	149000000	150000000	130
1	150000000	151000000	102
1	151000000	152000000	118
1	152000000	153000000	88
1	153000000	154000000	112
1	154000000	155000000	103
1	155000000	156000000	104
1	156000000	157000000	93
1	157000000	158000000	85
1	158000000	159000000	97
1	159000000	160000000	63
1	160000000	161000000	59
1	161000000	162000000	63
1	162000000	163000000	32
1	163000000	164000000	41
1	164000000	165000000	36
1	165000000	166000000	61
1	166000000	167000000	43
1	167000000	168000000	52
1	168000000	169000000	58
1	169000000	170000000	85
1	170000000	171000000	65
1	171000000	172000000	45
1	172000000	173000000	51
1	173000000	174000000	47
1	174000000	175000000	38
1	175000000	176000000	33
1	176000000	177000000	48
1	177000000	178000000	48
1	178000000	179000000	49
1	179000000	180000000	63
1	180000000	181000000	42
1	181000000	182000000	52
1	182000000	183000000	36
1	183000000	184000000	53
1	184000000	185000000	45
1	185000000	186000000	44
1	186000000	187000000	46
1	187000000	188000000	23
1	188000000	189000000	28
1	189000000	190000000	36
1	190000000	191000000	37
1	191000000	192000000	10
1	192000000	193000000	18
1	193000000	194000000	17
1	194000000	195000000	19
1	195000000	196000000	26
1	196000000	197000000	34
1	197000000	198000000	35
1	198000000	199000000	13
1	199000000	200000000	14
1	200000000	201000000	25
1	201000000	202000000	37
1	202000000	203000000	37
1	203000000	204000000	33
1	204000000	205000000	19
1	205000000	206000000	31
1	206000000	207000000	35
1	207000000	208000000	24
1	208000000	209000000	17
1	209000000	210000000	21
1	210000000	211000000	16
1	211000000	212000000	17
1	212000000	213000000	17
1	213000000	214000000	14
1	214000000	215000000	23
1	215000000	216000000	13
1	216000000	217000000	21
1	217000000	218000000	17
1	218000000	219000000	30
1	219000000	220000000	29
1	220000000	221000000	22
1	221000000	222000000	13
1	222000000	223000000	20
1	223000000	224000000	23
1	224000000	225000000	18
1	225000000	226000000	14
1	226000000	227000000	24
1	227000000	228000000	22
1	228000000	229000000	23
1	229000000	230000000	24
1	230000000	231000000	23
1	231000000	232000000	36
1	232000000	233000000	30
1	233000000	234000000	28
1	234000000	235000000	22
1	235000000	236000000	29
1	236000000	237000000	29
1	237000000	238000000	20
1	238000000	239000000	22
1	239000000	240000000	21
1	240000000	241000000	39
1	241000000	242000000	38
1	242000000	243000000	12
1	243000000	244000000	5
1	244000000	245000000	10
1	245000000	246000000	21
1	246000000	247000000	15
1	247000000	248000000	26
1	248000000	248956422	14
2	0	1000000	422
2	1000000	2000000	410
2	2000000	3000000	339
2	3000000	4000000	326
2	4000000	5000000	285
2	5000000	6000000	308
2	6000000	7000000	324
2	7000000	8000000	318
2	8000000	9000000	253
2	9000000	10000000	278
2	10000000	11000000	267
2	11000000	12000000	280
2	12000000	13000000	227
2	13000000	14000000	215
2	14000000	15000000	214
2	15000000	16000000	216
2	16000000	17000000	240
2	17000000	18000000	240
2	18000000	19000000	275
2	19000000	20000000	246
2	20000000	21000000	259
2	21000000	22000000	291
2	22000000	23000000	247
2	23000000	24000000	275
2	24000000	25000000	222
2	25000000	26000000	221
2	26000000	27000000	253
2	27000000	28000000	284
2	28000000	29000000	241
2	29000000	30000000	235
2	30000000	31000000	312
2	31000000	32000000	290
2	32000000	33000000	303
2	33000000	34000000	256
2	34000000	35000000	426
2	35000000	36000000	300
2	36000000	37000000	306
2	37000000	38000000	258
2	38000000	39000000	272
2	39000000	40000000	255
2	40000000	41000000	249
2	41000000	42000000	261
2	42000000	43000000	322
2	43000000	44000000	295
2	44000000	45000000	274
2	45000000	46000000	270
2	46000000	47000000	298
2	47000000	48000000	244
2	48000000	49000000	275
2	49000000	50000000	299
2	50000000	51000000	273
2	51000000	52000000	193
2	52000000	53000000	242
2	53000000	54000000	201
2	54000000	55000000	204
2	55000000	56000000	240
2	56000000	57000000	244
2	57000000	58000000	284
2	58000000	59000000	253
2	59000000	60000000	128
2	60000000	61000000	168
2	61000000	62000000	197
2	62000000	63000000	234
2	63000000	64000000	231
2	64000000	65000000	202
2	65000000	66000000	204
2	66000000	67000000	183
2	67000000	68000000	185
2	68000000	69000000	183
2	69000000	70000000	180
2	70000000	71000000	207
2	71000000	72000000	179
2	72000000	73000000	169
2	73000000	74000000	217
2	74000000	75000000	210
2	75000000	76000000	247
2	76000000	77000000	190
2	77000000	78000000	206
2	78000000	79000000	190
2	79000000	80000000	173
2	80000000	81000000	133
2	81000000	82000000	139
2	82000000	83000000	135
2	83000000	84000000	104
2	84000000	85000000	114
2	85000000	86000000	145
2	86000000	87000000	125
2	87000000	88000000	136
2	88000000	89000000	171
2	89000000	90000000	206
2	90000000	91000000	146
2	91000000	92000000	130
2	92000000	93000000	119
2	93000000	94000000	123
2	94000000	95000000	156
2	95000000	96000000	152
2	96000000	97000000	142
2	97000000	98000000	133
2	98000000	99000000	139
2	99000000	100000000	164
2	100000000	101000000	195
2	101000000	102000000	177
2	102000000	103000000	153
2	103000000	104000000	124
2	104000000	105000000	117
2	105000000	106000000	133
2	106000000	107000000	130
2	107000000	108000000	123
2	108000000	109000000	125
2	109000000	110000000	134
2	110000000	111000000	160
2	111000000	112000000	135
2	112000000	113000000	157
2	113000000	114000000	158
2	114000000	115000000	116
2	115000000	116000000	83
2	116000000	117000000	112
2	117000000	118000000	89
2	118000000	119000000	116
2	119000000	120000000	145
2	120000000	121000000	110
2	121000000	122000000	108
2	122000000	123000000	139
2	123000000	124000000	109
2	124000000	125000000	121
2	125000000	126000000	122
2	126000000	127000000	103
2	127000000	128000000	124
2	128000000	129000000	147
2	129000000	130000000	133
2	130000000	131000000	149
2	131000000	132000000	152
2	132000000	133000000	157
2	133000000	134000000	150
2	134000000	135000000	108
2	135000000	136000000	103
2	136000000	137000000	98
2	137000000	138000000	96
2	138000000	139000000	94
2	139000000	140000000	84
2	140000000	141000000	72
2	141000000	142000000	105
2	142000000	143000000	81
2	143000000	144000000	202
2	144000000	145000000	102
2	145000000	146000000	64
2	146000000	147000000	46
2	147000000	148000000	61
2	148000000	149000000	76
2	149000000	150000000	130
2	150000000	151000000	102
2	151000000	152000000	118
2	152000000	153000000	88
2	153000000	154000000	112
2	154000000	155000000	103
2	155000000	156000000	104
2	156000000	157000000	93
2	157000000	158000000	85
2	158000000	159000000	97
2	159000000	160000000	63
2	160000000	161000000	59
2	161000000	162000000	63
2	162000000	163000000	32
2	163000000	164000000	41
2	164000000	165000000	36
2	165000000	166000000	61
2	166000000	167000000	43
2	167000000	168000000	52
2	168000000	169000000	58
2	169000000	170000000	85
2	170000000	171000000	65
2	171000000	172000000	45
2	172000000	173000000	51
2	173000000	174000000	47
2	174000000	175000000	38
2	175000000	176000000	33
2	176000000	177000000	48
2	177000000	178000000	48
2	178000000	179000000	49
2	179000000	180000000	63
2	180000000	181000000	42
2	181000000	182000000	52
2	182000000	183000000	36
2	183000000	184000000	53
2	184000000	185000000	45
2	185000000	186000000	44
2	186000000	187000000	46
2	187000000	188000000	23
2	188000000	189000000	28
2	189000000	190000000	36
2	190000000	191000000	37
2	191000000	192000000	10
2	192000000	193000000	18
2	193000000	194000000	17
2	194000000	195000000	19
2	195000000	196000000	26
2	196000000	197000000	34
2	197000000	198000000	35
2	198000000	199000000	13
2	199000000	200000000	14
2	200000000	201000000	25
2	201000000	202000000	37
2	202000000	203000000	37
2	203000000	204000000	33
2	204000000	205000000	19
2	205000000	206000000	31
2	206000000	207000000	35
2	207000000	208000000	24
2	208000000	209000000	17
2	209000000	210000000	21
2	210000000	211000000	16
2	211000000	212000000	17
2	212000000	213000000	17
2	213000000	214000000	14
2	214000000	215000000	23
2	215000000	216000000	13
2	216000000	217000000	21
2	217000000	218000000	17
2	218000000	219000000	30
2	219000000	220000000	29
2	220000000	221000000	22
2	221000000	222000000	13
2	222000000	223000000	20
2	223000000	224000000	23
2	224000000	225000000	18
2	225000000	226000000	14
2	226000000	227000000	24
2	227000000	228000000	22
2	228000000	229000000	23
2	229000000	230000000	24
2	230000000	231000000	23
2	231000000	232000000	36
2	232000000	233000000	30
2	233000000	234000000	28
2	234000000	235000000	22
2	235000000	236000000	29
2	236000000	237000000	29
2	237000000	238000000	20
2	238000000	239000000	22
2	239000000	240000000	21
2	240000000	241000000	39
2	241000000	242000000	38
2	242000000	242193529	5
3	0	1000000	422
3	1000000	2000000	410
3	2000000	3000000	339
3	3000000	4000000	326
3	4000000	5000000	285
3	5000000	6000000	308
3	6000000	7000000	324
3	7000000	8000000	318
3	8000000	9000000	253
3	9000000	10000000	278
3	10000000	11000000	267
3	11000000	12000000	280
3	12000000	13000000	227
3	13000000	14000000	215
3	14000000	15000000	214
3	15000000	16000000	216
3	16000000	17000000	240
3	17000000	18000000	240
3	18000000	19000000	275
3	19000000	20000000	246
3	20000000	21000000	259
3	21000000	22000000	291
3	22000000	23000000	247
3	23000000	24000000	275
3	24000000	25000000	222
3	25000000	26000000	221
3	26000000	27000000	253
3	27000000	28000000	284
3	28000000	29000000	241
3	29000000	30000000	235
3	30000000	31000000	312
3	31000000	32000000	290
3	32000000	33000000	303
3	33000000	34000000	256
3	34000000	35000000	426
3	35000000	36000000	300
3	36000000	37000000	306
3	37000000	38000000	258
3	38000000	39000000	272
3	39000000	40000000	255
3	40000000	41000000	249
3	41000000	42000000	261
3	42000000	43000000	322
3	43000000	44000000	295
3	44000000	45000000	274
3	45000000	46000000	270
3	46000000	47000000	298
3	47000000	48000000	244
3	48000000	49000000	275
3	49000000	50000000	299
3	50000000	51000000	273
3	51000000	52000000	193
3	52000000	53000000	242
3	53000000	54000000	201
3	54000000	55000000	204
3	55000000	56000000	240
3	56000000	57000000	244
3	57000000	58000000	284
3	58000000	59000000	253
3	59000000	60000000	128
3	60000000	61000000	168
3	61000000	62000000	197
3	62000000	63000000	234
3	63000000	64000000	231
3	64000000	65000000	202
3	65000000	66000000	204
3	66000000	67000000	183
3	67000000	68000000	185
3	68000000	69000000	183
3	69000000	70000000	180
3	70000000	71000000	207
3	71000000	72000000	179
3	72000000	73000000	169
3	73000000	74000000	217
3	74000000	75000000	210
3	75000000	76000000	247
3	76000000	77000000	190
3	77000000	78000000	206
3	78000000	79000000	190
3	79000000	80000000	173
3	80000000	81000000	133
3	81000000	82000000	139
3	82000000	83000000	135
3	83000000	84000000	104
3	84000000	85000000	114
3	85000000	86000000	145
3	86000000	87000000	125
3	87000000	88000000	136
3	88000000	89000000	171
3	89000000	90000000	206
3	90000000	91000000	146
3	91000000	92000000	130
3	92000000	93000000	119
3	93000000	94000000	123
3	94000000	95000000	156
3	95000000	96000000	152
3	96000000	97000000	142
3	97000000	98000000	133
3	98000000	99000000	139
3	99000000	100000000	164
3	100000000	101000000	195
3	101000000	102000000	177
3	102000000	103000000	153
3	103000000	104000000	124
3	104000000	105000000	117
3	105000000	106000000	133
3	106000000	107000000	130
3	107000000	108000000	123
3	108000000	109000000	125
3	109000000	110000000	134
3	110000000	111000000	160
3	111000000	112000000	135
3	112000000	113000000	157
3	113000000	114000000	158
3	114000000	115000000	116
3	115000000	116000000	83
3	116000000	117000000	112
3	117000000	118000000	89
3	118000000	119000000	116
3	119000000	120000000	145
3	120000000	121000000	110
3	121000000	122000000	108
3	122000000	123000000	139
3	123000000	124000000	109
3	124000000	125000000	121
3	125000000	126000000	122
3	126000000	127000000	103
3	127000000	128000000	124
3	128000000	129000000	147
3	129000000	130000000	133
3	130000000	131000000	149
3	131000000	132000000	152
3	132000000	133000000	157
3	133000000	134000000	150
3	134000000	135000000	108
3	135000000	136000000	103
3	136000000	137000000	98
3	137000000	138000000	96
3	138000000	139000000	94
3	139000000	140000000	84
3	140000000	141000000	72
3	141000000	142000000	105
3	142000000	143000000	81
3	143000000	144000000	202
3	144000000	145000000	102
3	145000000	146000000	64
3	146000000	147000000	46
3	147000000	148000000	61
3	148000000	149000000	76
3	149000000	150000000	130
3	150000000	151000000	102
3	151000000	152000000	118
3	152000000	153000000	88
3	153000000	154000000	112
3	154000000	155000000	103
3	155000000	156000000	104
3	156000000	157000000	93
3	157000000	158000000	85
3	158000000	159000000	97
3	159000000	160000000	63
3	160000000	161000000	59
3	161000000	162000000	63
3	162000000	163000000	32
3	163000000	164000000	41
3	164000000	165000000	36
3	165000000	166000000	61
3	166000000	167000000	43
3	167000000	168000000	52
3	168000000	169000000	58
3	169000000	170000000	85
3	170000000	171000000	65
3	171000000	172000000	45
3	172000000	173000000	51
3	173000000	174000000	47
3	174000000	175000000	38
3	175000000	176000000	33
3	176000000	177000000	48
3	177000000	178000000	48
3	178000000	179000000	49
3	179000000	180000000	63
3	180000000	181000000	42
3	181000000	182000000	52
3	182000000	183000000	36
3	183000000	184000000	53
3	184000000	185000000	45
3	185000000	186000000	44
3	186000000	187000000	46
3	187000000	188000000	23
3	188000000	189000000	28
3	189000000	190000000	36
3	190000000	191000000	37
3	191000000	192000000	10
3	192000000	193000000	18
3	193000000	194000000	17
3	194000000	195000000	19
3	195000000	196000000	26
3	196000000	197000000	34
3	197000000	198000000	35
3	198000000	198295559	6
4	0	1000000	422
4	1000000	2000000	410
4	2000000	3000000	339
4	3000000	4000000	326
4	4000000	5000000	285
4	5000000	6000000	308
4	6000000	7000000	324
4	7000000	8000000	318
4	8000000	9000000	253
4	9000000	10000000	278
4	10000000	11000000	267
4	11000000	12000000	280
4	12000000	13000000	227
4	13000000	14000000	215
4	14000000	15000000	214
4	15000000	16000000	216
4	16000000	17000000	240
4	17000000	18000000	240
4	18000000	19000000	275
4	19000000	20000000	246
4	20000000	21000000	259
4	21000000	22000000	291
4	22000000	23000000	247
4	23000000	24000000	275
4	24000000	25000000	222
4	25000000	26000000	221
4	26000000	27000000	253
4	27000000	28000000	284
4	28000000	29000000	241
4	29000000	30000000	235
4	30000000	31000000	312
4	31000000	32000000	290
4	32000000	33000000	303
4	33000000	34000000	256
4	34000000	35000000	426
4	35000000	36000000	300
4	36000000	37000000	306
4	37000000	38000000	258
4	38000000	39000000	272
4	39000000	40000000	255
4	40000000	41000000	249
4	41000000	42000000	261
4	42000000	43000000	322
4	43000000	44000000	295
4	44000000	45000000	274
4	45000000	46000000	270
4	46000000	47000000	298
4	47000000	48000000	244
4	48000000	49000000	275
4	49000000	50000000	299
4	50000000	51000000	273
4	51000000	52000000	193
4	52000000	53000000	242
4	53000000	54000000	201
4	54000000	55000000	204
4	55000000	56000000	240
4	56000000	57000000	244
4	57000000	58000000	284
4	58000000	59000000	253
4	59000000	60000000	128
4	60000000	61000000	168
4	61000000	62000000	197
4	62000000	63000000	234
4	63000000	64000000	231
4	64000000	65000000	202
4	65000000	66000000	204
4	66000000	67000000	183
4	67000000	68000000	185
4	68000000	69000000	183
4	69000000	70000000	180
4	70000000	71000000	207
4	71000000	72000000	179
4	72000000	73000000	169
4	73000000	74000000	217
4	74000000	75000000	210
4	75000000	76000000	247
4	76000000	77000000	190
4	77000000	78000000	206
4	78000000	79000000	190
4	79000000	80000000	173
4	80000000	81000000	133
4	81000000	82000000	139
4	82000000	83000000	135
4	83000000	84000000	104
4	84000000	85000000	114
4	85000000	86000000	145
4	86000000	87000000	125
4	87000000	88000000	136
4	88000000	89000000	171
4	89000000	90000000	206
4	90000000	91000000	146
4	91000000	92000000	130
4	92000000	93000000	119
4	93000000	94000000	123
4	94000000	95000000	156
4	95000000	96000000	152
4	96000000	97000000	142
4	97000000	98000000	133
4	98000000	99000000	139
4	99000000	100000000	164
4	100000000	101000000	195
4	101000000	102000000	177
4	102000000	103000000	153
4	103000000	104000000	124
4	104000000	105000000	117
4	105000000	106000000	133
4	106000000	107000000	130
4	107000000	108000000	123
4	108000000	109000000	125
4	109000000	110000000	134
4	110000000	111000000	160
4	111000000	112000000	135
4	112000000	113000000	157
4	113000000	114000000	158
4	114000000	115000000	116
4	115000000	116000000	83
4	116000000	117000000	112
4	117000000	118000000	89
4	118000000	119000000	116
4	119000000	120000000	145
4	120000000	121000000	110
4	121000000	122000000	108
4	122000000	123000000	139
4	123000000	124000000	109
4	124000000	125000000	121
4	125000000	126000000	122
4	126000000	127000000	103
4	127000000	128000000	124
4	128000000	129000000	147
4	129000000	130000000	133
4	130000000	131000000	149
4	131000000	132000000	152
4	132000000	133000000	157
4	133000000	134000000	150
4	134000000	135000000	108
4	135000000	136000000	103
4	136000000	137000000	98
4	137000000	138000000	96
4	138000000	139000000	94
4	139000000	140000000	84
4	140000000	141000000	72
4	141000000	142000000	105
4	142000000	143000000	81
4	143000000	144000000	202
4	144000000	145000000	102
4	145000000	146000000	64
4	146000000	147000000	46
4	147000000	148000000	61
4	148000000	149000000	76
4	149000000	150000000	130
4	150000000	151000000	102
4	151000000	152000000	118
4	152000000	153000000	88
4	153000000	154000000	112
4	154000000	155000000	103
4	155000000	156000000	104
4	156000000	157000000	93
4	157000000	158000000	85
4	158000000	159000000	97
4	159000000	160000000	63
4	160000000	161000000	59
4	161000000	162000000	63
4	162000000	163000000	32
4	163000000	164000000	41
4	164000000	165000000	36
4	165000000	166000000	61
4	166000000	167000000	43
4	167000000	168000000	52
4	168000000	169000000	58
4	169000000	170000000	85
4	170000000	171000000	65
4	171000000	172000000	45
4	172000000	173000000	51
4	173000000	174000000	47
4	174000000	175000000	38
4	175000000	176000000	33
4	176000000	177000000	48
4	177000000	178000000	48
4	178000000	179000000	49
4	179000000	180000000	63
4	180000000	181000000	42
4	181000000	182000000	52
4	182000000	183000000	36
4	183000000	184000000	53
4	184000000	185000000	45
4	185000000	186000000	44
4	186000000	187000000	46
4	187000000	188000000	23
4	188000000	189000000	28
4	189000000	190000000	36
4	190000000	190214555	5
5	0	1000000	422
5	1000000	2000000	410
5	2000000	3000000	339
5	3000000	4000000	326
5	4000000	5000000	285
5	5000000	6000000	308
5	6000000	7000000	324
5	7000000	8000000	318
5	8000000	9000000	253
5	9000000	10000000	278
5	10000000	11000000	267
5	11000000	12000000	280
5	12000000	13000000	227
5	13000000	14000000	215
5	14000000	15000000	214
5	15000000	16000000	216
5	16000000	17000000	240
5	17000000	18000000	240
5	18000000	19000000	275
5	19000000	20000000	246
5	20000000	21000000	259
5	21000000	22000000	291
5	22000000	23000000	247
5	23000000	24000000	275
5	24000000	25000000	222
5	25000000	26000000	221
5	26000000	27000000	253
5	27000000	28000000	284
5	28000000	29000000	241
5	29000000	30000000	235
5	30000000	31000000	312
5	31000000	32000000	290
5	32000000	33000000	303
5	33000000	34000000	256
5	34000000	35000000	426
5	35000000	36000000	300
5	36000000	37000000	306
5	37000000	38000000	258
5	38000000	39000000	272
5	39000000	40000000	255
5	40000000	41000000	249
5	41000000	42000000	261
5	42000000	43000000	322
5	43000000	44000000	295
5	44000000	45000000	274
5	45000000	46000000	270
5	46000000	47000000	298
5	47000000	48000000	244
5	48000000	49000000	275
5	49000000	50000000	299
5	50000000	51000000	273
5	51000000	52000000	193
5	52000000	53000000	242
5	53000000	54000000	201
5	54000000	55000000	204
5	55000000	56000000	240
5	56000000	57000000	244
5	57000000	58000000	284
5	58000000	59000000	253
5	59000000	60000000	128
5	60000000	61000000	168
5	61000000	62000000	197
5	62000000	63000000	234
5	63000000	64000000	231
5	64000000	65000000	202
5	65000000	66000000	204
5	66000000	67000000	183
5	67000000	68000000	185
5	68000000	69000000	183
5	69000000	70000000	180
5	70000000	71000000	207
5	71000000	72000000	179
5	72000000	73000000	169
5	73000000	74000000	217
5	74000000	75000000	210
5	75000000	76000000	247
5	76000000	77000000	190
5	77000000	78000000	206
5	78000000	79000000	190
5	79000000	80000000	173
5	80000000	81000000	133
5	81000000	82000000	139
5	82000000	83000000	135
5	83000000	84000000	104
5	84000000	85000000	114
5	85000000	86000000	145
5	86000000	87000000	125
5	87000000	88000000	136
5	88000000	89000000	171
5	89000000	90000000	206
5	90000000	91000000	146
5	91000000	92000000	130
5	92000000	93000000	119
5	93000000	94000000	123
5	94000000	95000000	156
5	95000000	96000000	152
5	96000000	97000000	142
5	97000000	98000000	133
5	98000000	99000000	139
5	99000000	100000000	164
5	100000000	101000000	195
5	101000000	102000000	177
5	102000000	103000000	153
5	103000000	104000000	124
5	104000000	105000000	117
5	105000000	106000000	133
5	106000000	107000000	130
5	107000000	108000000	123
5	108000000	109000000	125
5	109000000	110000000	134
5	110000000	111000000	160
5	111000000	112000000	135
5	112000000	113000000	157
5	113000000	114000000	158
5	114000000	115000000	116
5	115000000	116000000	83
5	116000000	117000000	112
5	117000000	118000000	89
5	118000000	119000000	116
5	119000000	120000000	145
5	120000000	121000000	110
5	121000000	122000000	108
5	122000000	123000000	139
5	123000000	124000000	109
5	124000000	125000000	121
5	125000000	126000000	122
5	126000000	127000000	103
5	127000000	128000000	124
5	128000000	129000000	147
5	129000000	130000000	133
5	130000000	131000000	149
5	131000000	132000000	152
5	132000000	133000000	157
5	133000000	134000000	150
5	134000000	135000000	108
5	135000000	136000000	103
5	136000000	137000000	98
5	137000000	138000000	96
5	138000000	139000000	94
5	139000000	140000000	84
5	140000000	141000000	72
5	141000000	142000000	105
5	142000000	143000000	81
5	143000000	144000000	202
5	144000000	145000000	102
5	145000000	146000000	64
5	146000000	147000000	46
5	147000000	148000000	61
5	148000000	149000000	76
5	149000000	150000000	130
5	150000000	151000000	102
5	151000000	152000000	118
5	152000000	153000000	88
5	153000000	154000000	112
5	154000000	155000000	103
5	155000000	156000000	104
5	156000000	157000000	93
5	157000000	158000000	85
5	158000000	159000000	97
5	159000000	160000000	63
5	160000000	161000000	59
5	161000000	162000000	63
5	162000000	163000000	32
5	163000000	164000000	41
5	164000000	165000000	36
5	165000000	166000000	61
5	166000000	167000000	43
5	167000000	168000000	52
5	168000000	169000000	58
5	169000000	170000000	85
5	170000000	171000000	65
5	171000000	172000000	45
5	172000000	173000000	51
5	173000000	174000000	47
5	174000000	175000000	38
5	175000000	176000000	33
5	176000000	177000000	48
5	177000000	178000000	48
5	178000000	179000000	49
5	179000000	180000000	63
5	180000000	181000000	42
5	181000000	181538259	6
6	0	1000000	422
6	1000000	2000000	410
6	2000000	3000000	339
6	3000000	4000000	326
6	4000000	5000000	285
6	5000000	6000000	308
6	6000000	7000000	324
6	7000000	8000000	318
6	8000000	9000000	253
6	9000000	10000000	278
6	10000000	11000000	267
6	11000000	12000000	280
6	12000000	13000000	227
6	13000000	14000000	215
6	14000000	15000000	214
6	15000000	16000000	216
6	16000000	17000000	240
6	17000000	18000000	240
6	18000000	19000000	275
6	19000000	20000000	246
6	20000000	21000000	259
6	21000000	22000000	291
6	22000000	23000000	247
6	23000000	24000000	275
6	24000000	25000000	222
6	25000000	26000000	221
6	26000000	27000000	253
6	27000000	28000000	284
6	28000000	29000000	241
6	29000000	30000000	235
6	30000000	31000000	312
6	31000000	32000000	290
6	32000000	33000000	303
6	33000000	34000000	256
6	34000000	35000000	426
6	35000000	36000000	300
6	36000000	37000000	306
6	37000000	38000000	258
6	38000000	39000000	272
6	39000000	40000000	255
6	40000000	41000000	249
6	41000000	42000000	261
6	42000000	43000000	322
6	43000000	44000000	295
6	44000000	45000000	274
6	45000000	46000000	270
6	46000000	47000000	298
6	47000000	48000000	244
6	48000000	49000000	275
6	49000000	50000000	299
6	50000000	51000000	273
6	51000000	52000000	193
6	52000000	53000000	242
6	53000000	54000000	201
6	54000000	55000000	204
6	55000000	56000000	240
6	56000000	57000000	244
6	57000000	58000000	284
6	58000000	59000000	253
6	59000000	60000000	128
6	60000000	61000000	168
6	61000000	62000000	197
6	62000000	63000000	234
6	63000000	64000000	231
6	64000000	65000000	202
6	65000000	66000000	204
6	66000000	67000000	183
6	67000000	68000000	185
6	68000000	69000000	183
6	69000000	70000000	180
6	70000000	71000000	207
6	71000000	72000000	179
6	72000000	73000000	169
6	73000000	74000000	217
6	74000000	75000000	210
6	75000000	76000000	247
6	76000000	77000000	190
6	77000000	78000000	206
6	78000000	79000000	190
6	79000000	80000000	173
6	80000000	81000000	133
6	81000000	82000000	139
6	82000000	83000000	135
6	83000000	84000000	104
6	84000000	85000000	114
6	85000000	86000000	145
6	86000000	87000000	125
6	87000000	88000000	136
6	88000000	89000000	171
6	89000000	90000000	206
6	90000000	91000000	146
6	91000000	92000000	130
6	92000000	93000000	119
6	93000000	94000000	123
6	94000000	95000000	156
6	95000000	96000000	152
6	96000000	97000000	142
6	97000000	98000000	133
6	98000000	99000000	139
6	99000000	100000000	164
6	100000000	101000000	195
6	101000000	102000000	177
6	102000000	103000000	153
6	103000000	104000000	124
6	104000000	105000000	117
6	105000000	106000000	133
6	106000000	107000000	130
6	107000000	108000000	123
6	108000000	109000000	125
6	109000000	110000000	134
6	110000000	111000000	160
6	111000000	112000000	135
6	112000000	113000000	157
6	113000000	114000000	158
6	114000000	115000000	116
6	115000000	116000000	83
6	116000000	117000000	112
6	117000000	118000000	89
6	118000000	119000000	116
6	119000000	120000000	145
6	120000000	121000000	110
6	121000000	122000000	108
6	122000000	123000000	139
6	123000000	124000000	109
6	124000000	125000000	121
6	125000000	126000000	122
6	126000000	127000000	103
6	127000000	128000000	124
6	128000000	129000000	147
6	129000000	130000000	133
6	130000000	131000000	149
6	131000000	132000000	152
6	132000000	133000000	157
6	133000000	134000000	150
6	134000000	135000000	108
6	135000000	136000000	103
6	136000000	137000000	98
6	137000000	138000000	96
6	138000000	139000000	94
6	139000000	140000000	84
6	140000000	141000000	72
6	141000000	142000000	105
6	142000000	143000000	81
6	143000000	144000000	202
6	144000000	145000000	102
6	145000000	146000000	64
6	146000000	147000000	46
6	147000000	148000000	61
6	148000000	149000000	76
6	149000000	150000000	130
6	150000000	151000000	102
6	151000000	152000000	118
6	152000000	153000000	88
6	153000000	154000000	112
6	154000000	155000000	103
6	155000000	156000000	104
6	156000000	157000000	93
6	157000000	158000000	85
6	158000000	159000000	97
6	159000000	160000000	63
6	160000000	161000000	59
6	161000000	162000000	63
6	162000000	163000000	32
6	163000000	164000000	41
6	164000000	165000000	36
6	165000000	166000000	61
6	166000000	167000000	43
6	167000000	168000000	52
6	168000000	169000000	58
6	169000000	170000000	85
6	170000000	170805979	6
7	0	1000000	422
7	1000000	2000000	410
7	2000000	3000000	339
7	3000000	4000000	326
7	4000000	5000000	285
7	5000000	6000000	308
7	6000000	7000000	324
7	7000000	8000000	318
7	8000000	9000000	253
7	9000000	10000000	278
7	10000000	11000000	267
7	11000000	12000000	280
7	12000000	13000000	227
7	13000000	14000000	215
7	14000000	15000000	214
7	15000000	16000000	216
7	16000000	17000000	240
7	17000000	18000000	240
7	18000000	19000000	275
7	19000000	20000000	246
7	20000000	21000000	259
7	21000000	22000000	291
7	22000000	23000000	247
7	23000000	24000000	275
7	24000000	25000000	222
7	25000000	26000000	221
7	26000000	27000000	253
7	27000000	28000000	284
7	28000000	29000000	241
7	29000000	30000000	235
7	30000000	31000000	312
7	31000000	32000000	290
7	32000000	33000000	303
7	33000000	34000000	256
7	34000000	35000000	426
7	35000000	36000000	300
7	36000000	37000000	306
7	37000000	38000000	258
7	38000000	39000000	272
7	39000000	40000000	255
7	40000000	41000000	249
7	41000000	42000000	261
7	42000000	43000000	322
7	43000000	44000000	295
7	44000000	45000000	274
7	45000000	46000000	270
7	46000000	47000000	298
7	47000000	48000000	244
7	48000000	49000000	275
7	49000000	50000000	299
7	50000000	51000000	273
7	51000000	52000000	193
7	52000000	53000000	242
7	53000000	54000000	201
7	54000000	55000000	204
7	55000000	56000000	240
7	56000000	57000000	244
7	57000000	58000000	284
7	58000000	59000000	253
7	59000000	60000000	128
7	60000000	61000000	168
7	61000000	62000000	197
7	62000000	63000000	234
7	63000000	64000000	231
7	64000000	65000000	202
7	65000000	66000000	204
7	66000000	67000000	183
7	67000000	68000000	185
7	68000000	69000000	183
7	69000000	70000000	180
7	70000000	71000000	207
7	71000000	72000000	179
7	72000000	73000000	169
7	73000000	74000000	217
7	74000000	75000000	210
7	75000000	76000000	247
7	76000000	77000000	190
7	77000000	78000000	206
7	78000000	79000000	190
7	79000000	80000000	173
7	80000000	81000000	133
7	81000000	82000000	139
7	82000000	83000000	135
7	83000000	84000000	104
7	84000000	85000000	114
7	85000000	86000000	145
7	86000000	87000000	125
7	87000000	88000000	136
7	88000000	89000000	171
7	89000000	90000000	206
7	90000000	91000000	146
7	91000000	92000000	130
7	92000000	93000000	119
7	93000000	94000000	123
7	94000000	95000000	156
7	95000000	96000000	152
7	96000000	97000000	142
7	97000000	98000000	133
7	98000000	99000000	139
7	99000000	100000000	164
7	100000000	101000000	195
7	101000000	102000000	177
7	102000000	103000000	153
7	103000000	104000000	124
7	104000000	105000000	117
7	105000000	106000000	133
7	106000000	107000000	130
7	107000000	108000000	123
7	108000000	109000000	125
7	109000000	110000000	134
7	110000000	111000000	160
7	111000000	112000000	135
7	112000000	113000000	157
7	113000000	114000000	158
7	114000000	115000000	116
7	115000000	116000000	83
7	116000000	117000000	112
7	117000000	118000000	89
7	118000000	119000000	116
7	119000000	120000000	145
7	120000000	121000000	110
7	121000000	122000000	108
7	122000000	123000000	139
7	123000000	124000000	109
7	124000000	125000000	121
7	125000000	126000000	122
7	126000000	127000000	103
7	127000000	128000000	124
7	128000000	129000000	147
7	129000000	130000000	133
7	130000000	131000000	149
7	131000000	132000000	152
7	132000000	133000000	157
7	133000000	134000000	150
7	134000000	135000000	108
7	135000000	136000000	103
7	136000000	137000000	98
7	137000000	138000000	96
7	138000000	139000000	94
7	139000000	140000000	84
7	140000000	141000000	72
7	141000000	142000000	105
7	142000000	143000000	81
7	143000000	144000000	202
7	144000000	145000000	102
7	145000000	146000000	64
7	146000000	147000000	46
7	147000000	148000000	61
7	148000000	149000000	76
7	149000000	150000000	130
7	150000000	151000000	102
7	151000000	152000000	118
7	152000000	153000000	88
7	153000000	154000000	112
7	154000000	155000000	103
7	155000000	156000000	104
7	156000000	157000000	93
7	157000000	158000000	85
7	158000000	159000000	97
7	159000000	159345973	8
8	0	1000000	422
8	1000000	2000000	410
8	2000000	3000000	339
8	3000000	4000000	326
8	4000000	5000000	285
8	5000000	6000000	308
8	6000000	7000000	324
8	7000000	8000000	318
8	8000000	9000000	253
8	9000000	10000000	278
8	10000000	11000000	267
8	11000000	12000000	280
8	12000000	13000000	227
8	13000000	14000000	215
8	14000000	15000000	214
8	15000000	16000000	216
8	16000000	17000000	240
8	17000000	18000000	240
8	18000000	19000000	275
8	19000000	20000000	246
8	20000000	21000000	259
8	21000000	22000000	291
8	22000000	23000000	247
8	23000000	24000000	275
8	24000000	25000000	222
8	25000000	26000000	221
8	26000000	27000000	253
8	27000000	28000000	284
8	28000000	29000000	241
8	29000000	30000000	235
8	30000000	31000000	312
8	31000000	32000000	290
8	32000000	33000000	303
8	33000000	34000000	256
8	34000000	35000000	426
8	35000000	36000000	300
8	36000000	37000000	306
8	37000000	38000000	258
8	38000000	39000000	272
8	39000000	40000000	255
8	40000000	41000000	249
8	41000000	42000000	261
8	42000000	43000000	322
8	43000000	44000000	295
8	44000000	45000000	274
8	45000000	46000000	270
8	46000000	47000000	298
8	47000000	48000000	244
8	48000000	49000000	275
8	49000000	50000000	299
8	50000000	51000000	273
8	51000000	52000000	193
8	52000000	53000000	242
8	53000000	54000000	201
8	54000000	55000000	204
8	55000000	56000000	240
8	56000000	57000000	244
8	57000000	58000000	284
8	58000000	59000000	253
8	59000000	60000000	128
8	60000000	61000000	168
8	61000000	62000000	197
8	62000000	63000000	234
8	63000000	64000000	231
8	64000000	65000000	202
8	65000000	66000000	204
8	66000000	67000000	183
8	67000000	68000000	185
8	68000000	69000000	183
8	69000000	70000000	180
8	70000000	71000000	207
8	71000000	72000000	179
8	72000000	73000000	169
8	73000000	74000000	217
8	74000000	75000000	210
8	75000000	76000000	247
8	76000000	77000000	190
8	77000000	78000000	206
8	78000000	79000000	190
8	79000000	80000000	173
8	80000000	81000000	133
8	81000000	82000000	139
8	82000000	83000000	135
8	83000000	84000000	104
8	84000000	85000000	114
8	85000000	86000000	145
8	86000000	87000000	125
8	87000000	88000000	136
8	88000000	89000000	171
8	89000000	90000000	206
8	90000000	91000000	146
8	91000000	92000000	130
8	92000000	93000000	119
8	93000000	94000000	123
8	94000000	95000000	156
8	95000000	96000000	152
8	96000000	97000000	142
8	97000000	98000000	133
8	98000000	99000000	139
8	99000000	100000000	164
8	100000000	101000000	195
8	101000000	102000000	177
8	102000000	103000000	153
8	103000000	104000000	124
8	104000000	105000000	117
8	105000000	106000000	133
8	106000000	107000000	130
8	107000000	108000000	123
8	108000000	109000000	125
8	109000000	110000000	134
8	110000000	111000000	160
8	111000000	112000000	135
8	112000000	113000000	157
8	113000000	114000000	158
8	114000000	115000000	116
8	115000000	116000000	83
8	116000000	117000000	112
8	117000000	118000000	89
8	118000000	119000000	116
8	119000000	120000000	145
8	120000000	121000000	110
8	121000000	122000000	108
8	122000000	123000000	139
8	123000000	124000000	109
8	124000000	125000000	121
8	125000000	126000000	122
8	126000000	127000000	103
8	127000000	128000000	124
8	128000000	129000000	147
8	129000000	130000000	133
8	130000000	131000000	149
8	131000000	132000000	152
8	132000000	133000000	157
8	133000000	134000000	150
8	134000000	135000000	108
8	135000000	136000000	103
8	136000000	137000000	98
8	137000000	138000000	96
8	138000000	139000000	94
8	139000000	140000000	84
8	140000000	141000000	72
8	141000000	142000000	105
8	142000000	143000000	81
8	143000000	144000000	202
8	144000000	145000000	102
8	145000000	145138636	7
9	0	1000000	422
9	1000000	2000000	410
9	2000000	3000000	339
9	3000000	4000000	326
9	4000000	5000000	285
9	5000000	6000000	308
9	6000000	7000000	324
9	7000000	8000000	318
9	8000000	9000000	253
9	9000000	10000000	278
9	10000000	11000000	267
9	11000000	12000000	280
9	12000000	13000000	227
9	13000000	14000000	215
9	14000000	15000000	214
9	15000000	16000000	216
9	16000000	17000000	240
9	17000000	18000000	240
9	18000000	19000000	275
9	19000000	20000000	246
9	20000000	21000000	259
9	21000000	22000000	291
9	22000000	23000000	247
9	23000000	24000000	275
9	24000000	25000000	222
9	25000000	26000000	221
9	26000000	27000000	253
9	27000000	28000000	284
9	28000000	29000000	241
9	29000000	30000000	235
9	30000000	31000000	312
9	31000000	32000000	290
9	32000000	33000000	303
9	33000000	34000000	256
9	34000000	35000000	426
9	35000000	36000000	300
9	36000000	37000000	306
9	37000000	38000000	258
9	38000000	39000000	272
9	39000000	40000000	255
9	40000000	41000000	249
9	41000000	42000000	261
9	42000000	43000000	322
9	43000000	44000000	295
9	44000000	45000000	274
9	45000000	46000000	270
9	46000000	47000000	298
9	47000000	48000000	244
9	48000000	49000000	275
9	49000000	50000000	299
9	50000000	51000000	273
9	51000000	52000000	193
9	52000000	53000000	242
9	53000000	54000000	201
9	54000000	55000000	204
9	55000000	56000000	240
9	56000000	57000000	244
9	57000000	58000000	284
9	58000000	59000000	253
9	59000000	60000000	128
9	60000000	61000000	168
9	61000000	62000000	197
9	62000000	63000000	234
9	63000000	64000000	231
9	64000000	65000000	202
9	65000000	66000000	204
9	66000000	67000000	183
9	67000000	68000000	185
9	68000000	69000000	183
9	69000000	70000000	180
9	70000000	71000000	207
9	71000000	72000000	179
9	72000000	73000000	169
9	73000000	74000000	217
9	74000000	75000000	210
9	75000000	76000000	247
9	76000000	77000000	190
9	77000000	78000000	206
9	78000000	79000000	190
9	79000000	80000000	173
9	80000000	81000000	133
9	81000000	82000000	139
9	82000000	83000000	135
9	83000000	84000000	104
9	84000000	85000000	114
9	85000000	86000000	145
9	86000000	87000000	125
9	87000000	88000000	136
9	88000000	89000000	171
9	89000000	90000000	206
9	90000000	91000000	146
9	91000000	92000000	130
9	92000000	93000000	119
9	93000000	94000000	123
9	94000000	95000000	156
9	95000000	96000000	152
9	96000000	97000000	142
9	97000000	98000000	133
9	98000000	99000000	139
9	99000000	100000000	164
9	100000000	101000000	195
9	101000000	102000000	177
9	102000000	103000000	153
9	103000000	104000000	124
9	104000000	105000000	117
9	105000000	106000000	133
9	106000000	107000000	130
9	107000000	108000000	123
9	108000000	109000000	125
9	109000000	110000000	134
9	110000000	111000000	160
9	111000000	112000000	135
9	112000000	113000000	157
9	113000000	114000000	158
9	114000000	115000000	116
9	115000000	116000000	83
9	116000000	117000000	112
9	117000000	118000000	89
9	118000000	119000000	116
9	119000000	120000000	145
9	120000000	121000000	110
9	121000000	122000000	108
9	122000000	123000000	139
9	123000000	124000000	109
9	124000000	125000000	121
9	125000000	126000000	122
9	126000000	127000000	103
9	127000000	128000000	124
9	128000000	129000000	147
9	129000000	130000000	133
9	130000000	131000000	149
9	131000000	132000000	152
9	132000000	133000000	157
9	133000000	134000000	150
9	134000000	135000000	108
9	135000000	136000000	103
9	136000000	137000000	98
9	137000000	138000000	96
9	138000000	138394717	8
10	0	1000000	422
10	1000000	2000000	410
10	2000000	3000000	339
10	3000000	4000000	326
10	4000000	5000000	285
10	5000000	6000000	308
10	6000000	7000000	324
10	7000000	8000000	318
10	8000000	9000000	253
10	9000000	10000000	278
10	10000000	11000000	267
10	11000000	12000000	280
10	12000000	13000000	227
10	13000000	14000000	215
10	14000000	15000000	214
10	15000000	16000000	216
10	16000000	17000000	240
10	17000000	18000000	240
10	18000000	19000000	275
10	19000000	20000000	246
10	20000000	21000000	259
10	21000000	22000000	291
10	22000000	23000000	247
10	23000000	24000000	275
10	24000000	25000000	222
10	25000000	26000000	221
10	26000000	27000000	253
10	27000000	28000000	284
10	28000000	29000000	241
10	29000000	30000000	235
10	30000000	31000000	312
10	31000000	32000000	290
10	32000000	33000000	303
10	33000000	34000000	256
10	34000000	35000000	426
10	35000000	36000000	300
10	36000000	37000000	306
10	37000000	38000000	258
10	38000000	39000000	272
10	39000000	40000000	255
10	40000000	41000000	249
10	41000000	42000000	261
10	42000000	43000000	322
10	43000000	44000000	295
10	44000000	45000000	274
10	45000000	46000000	270
10	46000000	47000000	298
10	47000000	48000000	244
10	48000000	49000000	275
10	49000000	50000000	299
10	50000000	51000000	273
10	51000000	52000000	193
10	52000000	53000000	242
10	53000000	54000000	201
10	54000000	55000000	204
10	55000000	56000000	240
10	56000000	57000000	244
10	57000000	58000000	284
10	58000000	59000000	253
10	59000000	60000000	128
10	60000000	61000000	168
10	61000000	62000000	197
10	62000000	63000000	234
10	63000000	64000000	231
10	64000000	65000000	202
10	65000000	66000000	204
10	66000000	67000000	183
10	67000000	68000000	185
10	68000000	69000000	183
10	69000000	70000000	180
10	70000000	71000000	207
10	71000000	72000000	179
10	72000000	73000000	169
10	73000000	74000000	217
10	74000000	75000000	210
10	75000000	76000000	247
10	76000000	77000000	190
10	77000000	78000000	206
10	78000000	79000000	190
10	79000000	80000000	173
10	80000000	81000000	133
10	81000000	82000000	139
10	82000000	83000000	135
10	83000000	84000000	104
10	84000000	85000000	114
10	85000000	86000000	145
10	86000000	87000000	125
10	87000000	88000000	136
10	88000000	89000000	171
10	89000000	90000000	206
10	90000000	91000000	146
10	91000000	92000000	130
10	92000000	93000000	119
10	93000000	94000000	123
10	94000000	95000000	156
10	95000000	96000000	152
10	96000000	97000000	142
10	97000000	98000000	133
10	98000000	99000000	139
10	99000000	100000000	164
10	100000000	101000000	195
10	101000000	102000000	177
10	102000000	103000000	153
10	103000000	104000000	124
10	104000000	105000000	117
10	105000000	106000000	133
10	106000000	107000000	130
10	107000000	108000000	123
10	108000000	109000000	125
10	109000000	110000000	134
10	110000000	111000000	160
10	111000000	112000000	135
10	112000000	113000000	157
10	113000000	114000000	158
10	114000000	115000000	116
10	115000000	116000000	83
10	116000000	117000000	112
10	117000000	118000000	89
10	118000000	119000000	116
10	119000000	120000000	145
10	120000000	121000000	110
10	121000000	122000000	108
10	122000000	123000000	139
10	123000000	124000000	109
10	124000000	125000000	121
10	125000000	126000000	122
10	126000000	127000000	103
10	127000000	128000000	124
10	128000000	129000000	147
10	129000000	130000000	133
10	130000000	131000000	149
10	131000000	132000000	152
10	132000000	133000000	157
10	133000000	133797422	5
11	0	1000000	422
11	1000000	2000000	410
11	2000000	3000000	339
11	3000000	4000000	326
11	4000000	5000000	285
11	5000000	6000000	308
11	6000000	7000000	324
11	7000000	8000000	318
11	8000000	9000000	253
11	9000000	10000000	278
11	10000000	11000000	267
11	11000000	12000000	280
11	12000000	13000000	227
11	13000000	14000000	215
11	14000000	15000000	214
11	15000000	16000000	216
11	16000000	17000000	240
11	17000000	18000000	240
11	18000000	19000000	275
11	19000000	20000000	246
11	20000000	21000000	259
11	21000000	22000000	291
11	22000000	23000000	247
11	23000000	24000000	275
11	24000000	25000000	222
11	25000000	26000000	221
11	26000000	27000000	253
11	27000000	28000000	284
11	28000000	29000000	241
11	29000000	30000000	235
11	30000000	31000000	312
11	31000000	32000000	290
11	32000000	33000000	303
11	33000000	34000000	256
11	34000000	35000000	426
11	35000000	36000000	300
11	36000000	37000000	306
11	37000000	38000000	258
11	38000000	39000000	272
11	39000000	40000000	255
11	40000000	41000000	249
11	41000000	42000000	261
11	42000000	43000000	322
11	43000000	44000000	295
11	44000000	45000000	274
11	45000000	46000000	270
11	46000000	47000000	298
11	47000000	48000000	244
11	48000000	49000000	275
11	49000000	50000000	299
11	50000000	51000000	273
11	51000000	52000000	193
11	52000000	53000000	242
11	53000000	54000000	201
11	54000000	55000000	204
11	55000000	56000000	240
11	56000000	57000000	244
11	57000000	58000000	284
11	58000000	59000000	253
11	59000000	60000000	128
11	60000000	61000000	168
11	61000000	62000000	197
11	62000000	63000000	234
11	63000000	64000000	231
11	64000000	65000000	202
11	65000000	66000000	204
11	66000000	67000000	183
11	67000000	68000000	185
11	68000000	69000000	183
11	69000000	70000000	180
11	70000000	71000000	207
11	71000000	72000000	179
11	72000000	73000000	169
11	73000000	74000000	217
11	74000000	75000000	210
11	75000000	76000000	247
11	76000000	77000000	190
11	77000000	78000000	206
11	78000000	79000000	190
11	79000000	80000000	173
11	80000000	81000000	133
11	81000000	82000000	139
11	82000000	83000000	135
11	83000000	84000000	104
11	84000000	85000000	114
11	85000000	86000000	145
11	86000000	87000000	125
11	87000000	88000000	136
11	88000000	89000000	171
11	89000000	90000000	206
11	90000000	91000000	146
11	91000000	92000000	130
11	92000000	93000000	119
11	93000000	94000000	123
11	94000000	95000000	156
11	95000000	96000000	152
11	96000000	97000000	142
11	97000000	98000000	133
11	98000000	99000000	139
11	99000000	100000000	164
11	100000000	101000000	195
11	101000000	102000000	177
11	102000000	103000000	153
11	103000000	104000000	124
11	104000000	105000000	117
11	105000000	106000000	133
11	106000000	107000000	130
11	107000000	108000000	123
11	108000000	109000000	125
11	109000000	110000000	134
11	110000000	111000000	160
11	111000000	112000000	135
11	112000000	113000000	157
11	113000000	114000000	158
11	114000000	115000000	116
11	115000000	116000000	83
11	116000000	117000000	112
11	117000000	118000000	89
11	118000000	119000000	116
11	119000000	120000000	145
11	120000000	121000000	110
11	121000000	122000000	108
11	122000000	123000000	139
11	123000000	124000000	109
11	124000000	125000000	121
11	125000000	126000000	122
11	126000000	127000000	103
11	127000000	128000000	124
11	128000000	129000000	147
11	129000000	130000000	133
11	130000000	131000000	149
11	131000000	132000000	152
11	132000000	133000000	157
11	133000000	134000000	150
11	134000000	135000000	108
11	135000000	135086622	5
12	0	1000000	422
12	1000000	2000000	410
12	2000000	3000000	339
12	3000000	4000000	326
12	4000000	5000000	285
12	5000000	6000000	308
12	6000000	7000000	324
12	7000000	8000000	318
12	8000000	9000000	253
12	9000000	10000000	278
12	10000000	11000000	267
12	11000000	12000000	280
12	12000000	13000000	227
12	13000000	14000000	215
12	14000000	15000000	214
12	15000000	16000000	216
12	16000000	17000000	240
12	17000000	18000000	240
12	18000000	19000000	275
12	19000000	20000000	246
12	20000000	21000000	259
12	21000000	22000000	291
12	22000000	23000000	247
12	23000000	24000000	275
12	24000000	25000000	222
12	25000000	26000000	221
12	26000000	27000000	253
12	27000000	28000000	284
12	28000000	29000000	241
12	29000000	30000000	235
12	30000000	31000000	312
12	31000000	32000000	290
12	32000000	33000000	303
12	33000000	34000000	256
12	34000000	35000000	426
12	35000000	36000000	300
12	36000000	37000000	306
12	37000000	38000000	258
12	38000000	39000000	272
12	39000000	40000000	255
12	40000000	41000000	249
12	41000000	42000000	261
12	42000000	43000000	322
12	43000000	44000000	295
12	44000000	45000000	274
12	45000000	46000000	270
12	46000000	47000000	298
12	47000000	48000000	244
12	48000000	49000000	275
12	49000000	50000000	299
12	50000000	51000000	273
12	51000000	52000000	193
12	52000000	53000000	242
12	53000000	54000000	201
12	54000000	55000000	204
12	55000000	56000000	240
12	56000000	57000000	244
12	57000000	58000000	284
12	58000000	59000000	253
12	59000000	60000000	128
12	60000000	61000000	168
12	61000000	62000000	197
12	62000000	63000000	234
12	63000000	64000000	231
12	64000000	65000000	202
12	65000000	66000000	204
12	66000000	67000000	183
12	67000000	68000000	185
12	68000000	69000000	183
12	69000000	70000000	180
12	70000000	71000000	207
12	71000000	72000000	179
12	72000000	73000000	169
12	73000000	74000000	217
12	74000000	75000000	210
12	75000000	76000000	247
12	76000000	77000000	190
12	77000000	78000000	206
12	78000000	79000000	190
12	79000000	80000000	173
12	80000000	81000000	133
12	81000000	82000000	139
12	82000000	83000000	135
12	83000000	84000000	104
12	84000000	85000000	114
12	85000000	86000000	145
12	86000000	87000000	125
12	87000000	88000000	136
12	88000000	89000000	171
12	89000000	90000000	206
12	90000000	91000000	146
12	91000000	92000000	130
12	92000000	93000000	119
12	93000000	94000000	123
12	94000000	95000000	156
12	95000000	96000000	152
12	96000000	97000000	142
12	97000000	98000000	133
12	98000000	99000000	139
12	99000000	100000000	164
12	100000000	101000000	195
12	101000000	102000000	177
12	102000000	103000000	153
12	103000000	104000000	124
12	104000000	105000000	117
12	105000000	106000000	133
12	106000000	107000000	130
12	107000000	108000000	123
12	108000000	109000000	125
12	109000000	110000000	134
12	110000000	111000000	160
12	111000000	112000000	135
12	112000000	113000000	157
12	113000000	114000000	158
12	114000000	115000000	116
12	115000000	116000000	83
12	116000000	117000000	112
12	117000000	118000000	89
12	118000000	119000000	116
12	119000000	120000000	145
12	120000000	121000000	110
12	121000000	122000000	108
12	122000000	123000000	139
12	123000000	124000000	109
12	124000000	125000000	121
12	125000000	126000000	122
12	126000000	127000000	103
12	127000000	128000000	124
12	128000000	129000000	147
12	129000000	130000000	133
12	130000000	131000000	149
12	131000000	132000000	152
12	132000000	133000000	157
12	133000000	133275309	7
13	0	1000000	422
13	1000000	2000000	410
13	2000000	3000000	339
13	3000000	4000000	326
13	4000000	5000000	285
13	5000000	6000000	308
13	6000000	7000000	324
13	7000000	8000000	318
13	8000000	9000000	253
13	9000000	10000000	278
13	10000000	11000000	267
13	11000000	12000000	280
13	12000000	13000000	227
13	13000000	14000000	215
13	14000000	15000000	214
13	15000000	16000000	216
13	16000000	17000000	240
13	17000000	18000000	240
13	18000000	19000000	275
13	19000000	20000000	246
13	20000000	21000000	259
13	21000000	22000000	291
13	22000000	23000000	247
13	23000000	24000000	275
13	24000000	25000000	222
13	25000000	26000000	221
13	26000000	27000000	253
13	27000000	28000000	284
13	28000000	29000000	241
13	29000000	30000000	235
13	30000000	31000000	312
13	31000000	32000000	290
13	32000000	33000000	303
13	33000000	34000000	256
13	34000000	35000000	426
13	35000000	36000000	300
13	36000000	37000000	306
13	37000000	38000000	258
13	38000000	39000000	272
13	39000000	40000000	255
13	40000000	41000000	249
13	41000000	42000000	261
13	42000000	43000000	322
13	43000000	44000000	295
13	44000000	45000000	274
13	45000000	46000000	270
13	46000000	47000000	298
13	47000000	48000000	244
13	48000000	49000000	275
13	49000000	50000000	299
13	50000000	51000000	273
13	51000000	52000000	193
13	52000000	53000000	242
13	53000000	54000000	201
13	54000000	55000000	204
13	55000000	56000000	240
13	56000000	57000000	244
13	57000000	58000000	284
13	58000000	59000000	253
13	59000000	60000000	128
13	60000000	61000000	168
13	61000000	62000000	197
13	62000000	63000000	234
13	63000000	64000000	231
13	64000000	65000000	202
13	65000000	66000000	204
13	66000000	67000000	183
13	67000000	68000000	185
13	68000000	69000000	183
13	69000000	70000000	180
13	70000000	71000000	207
13	71000000	72000000	179
13	72000000	73000000	169
13	73000000	74000000	217
13	74000000	75000000	210
13	75000000	76000000	247
13	76000000	77000000	190
13	77000000	78000000	206
13	78000000	79000000	190
13	79000000	80000000	173
13	80000000	81000000	133
13	81000000	82000000	139
13	82000000	83000000	135
13	83000000	84000000	104
13	84000000	85000000	114
13	85000000	86000000	145
13	86000000	87000000	125
13	87000000	88000000	136
13	88000000	89000000	171
13	89000000	90000000	206
13	90000000	91000000	146
13	91000000	92000000	130
13	92000000	93000000	119
13	93000000	94000000	123
13	94000000	95000000	156
13	95000000	96000000	152
13	96000000	97000000	142
13	97000000	98000000	133
13	98000000	99000000	139
13	99000000	100000000	164
13	100000000	101000000	195
13	101000000	102000000	177
13	102000000	103000000	153
13	103000000	104000000	124
13	104000000	105000000	117
13	105000000	106000000	133
13	106000000	107000000	130
13	107000000	108000000	123
13	108000000	109000000	125
13	109000000	110000000	134
13	110000000	111000000	160
13	111000000	112000000	135
13	112000000	113000000	157
13	113000000	114000000	158
13	114000000	114364328	6
14	0	1000000	422
14	1000000	2000000	410
14	2000000	3000000	339
14	3000000	4000000	326
14	4000000	5000000	285
14	5000000	6000000	308
14	6000000	7000000	324
14	7000000	8000000	318
14	8000000	9000000	253
14	9000000	10000000	278
14	10000000	11000000	267
14	11000000	12000000	280
14	12000000	13000000	227
14	13000000	14000000	215
14	14000000	15000000	214
14	15000000	16000000	216
14	16000000	17000000	240
14	17000000	18000000	240
14	18000000	19000000	275
14	19000000	20000000	246
14	20000000	21000000	259
14	21000000	22000000	291
14	22000000	23000000	247
14	23000000	24000000	275
14	24000000	25000000	222
14	25000000	26000000	221
14	26000000	27000000	253
14	27000000	28000000	284
14	28000000	29000000	241
14	29000000	30000000	235
14	30000000	31000000	312
14	31000000	32000000	290
14	32000000	33000000	303
14	33000000	34000000	256
14	34000000	35000000	426
14	35000000	36000000	300
14	36000000	37000000	306
14	37000000	38000000	258
14	38000000	39000000	272
14	39000000	40000000	255
14	40000000	41000000	249
14	41000000	42000000	261
14	42000000	43000000	322
14	43000000	44000000	295
14	44000000	45000000	274
14	45000000	46000000	270
14	46000000	47000000	298
14	47000000	48000000	244
14	48000000	49000000	275
14	49000000	50000000	299
14	50000000	51000000	273
14	51000000	52000000	193
14	52000000	53000000	242
14	53000000	54000000	201
14	54000000	55000000	204
14	55000000	56000000	240
14	56000000	57000000	244
14	57000000	58000000	284
14	58000000	59000000	253
14	59000000	60000000	128
14	60000000	61000000	168
14	61000000	62000000	197
14	62000000	63000000	234
14	63000000	64000000	231
14	64000000	65000000	202
14	65000000	66000000	204
14	66000000	67000000	183
14	67000000	68000000	185
14	68000000	69000000	183
14	69000000	70000000	180
14	70000000	71000000	207
14	71000000	72000000	179
14	72000000	73000000	169
14	73000000	74000000	217
14	74000000	75000000	210
14	75000000	76000000	247
14	76000000	77000000	190
14	77000000	78000000	206
14	78000000	79000000	190
14	79000000	80000000	173
14	80000000	81000000	133
14	81000000	82000000	139
14	82000000	83000000	135
14	83000000	84000000	104
14	84000000	85000000	114
14	85000000	86000000	145
14	86000000	87000000	125
14	87000000	88000000	136
14	88000000	89000000	171
14	89000000	90000000	206
14	90000000	91000000	146
14	91000000	92000000	130
14	92000000	93000000	119
14	93000000	94000000	123
14	94000000	95000000	156
14	95000000	96000000	152
14	96000000	97000000	142
14	97000000	98000000	133
14	98000000	99000000	139
14	99000000	100000000	164
14	100000000	101000000	195
14	101000000	102000000	177
14	102000000	103000000	153
14	103000000	104000000	124
14	104000000	105000000	117
14	105000000	106000000	133
14	106000000	107000000	130
14	107000000	107043718	5
15	0	1000000	422
15	1000000	2000000	410
15	2000000	3000000	339
15	3000000	4000000	326
15	4000000	5000000	285
15	5000000	6000000	308
15	6000000	7000000	324
15	7000000	8000000	318
15	8000000	9000000	253
15	9000000	10000000	278
15	10000000	11000000	267
15	11000000	12000000	280
15	12000000	13000000	227
15	13000000	14000000	215
15	14000000	15000000	214
15	15000000	16000000	216
15	16000000	17000000	240
15	17000000	18000000	240
15	18000000	19000000	275
15	19000000	20000000	246
15	20000000	21000000	259
15	21000000	22000000	291
15	22000000	23000000	247
15	23000000	24000000	275
15	24000000	25000000	222
15	25000000	26000000	221
15	26000000	27000000	253
15	27000000	28000000	284
15	28000000	29000000	241
15	29000000	30000000	235
15	30000000	31000000	312
15	31000000	32000000	290
15	32000000	33000000	303
15	33000000	34000000	256
15	34000000	35000000	426
15	35000000	36000000	300
15	36000000	37000000	306
15	37000000	38000000	258
15	38000000	39000000	272
15	39000000	40000000	255
15	40000000	41000000	249
15	41000000	42000000	261
15	42000000	43000000	322
15	43000000	44000000	295
15	44000000	45000000	274
15	45000000	46000000	270
15	46000000	47000000	298
15	47000000	48000000	244
15	48000000	49000000	275
15	49000000	50000000	299
15	50000000	51000000	273
15	51000000	52000000	193
15	52000000	53000000	242
15	53000000	54000000	201
15	54000000	55000000	204
15	55000000	56000000	240
15	56000000	57000000	244
15	57000000	58000000	284
15	58000000	59000000	253
15	59000000	60000000	128
15	60000000	61000000	168
15	61000000	62000000	197
15	62000000	63000000	234
15	63000000	64000000	231
15	64000000	65000000	202
15	65000000	66000000	204
15	66000000	67000000	183
15	67000000	68000000	185
15	68000000	69000000	183
15	69000000	70000000	180
15	70000000	71000000	207
15	71000000	72000000	179
15	72000000	73000000	169
15	73000000	74000000	217
15	74000000	75000000	210
15	75000000	76000000	247
15	76000000	77000000	190
15	77000000	78000000	206
15	78000000	79000000	190
15	79000000	80000000	173
15	80000000	81000000	133
15	81000000	82000000	139
15	82000000	83000000	135
15	83000000	84000000	104
15	84000000	85000000	114
15	85000000	86000000	145
15	86000000	87000000	125
15	87000000	88000000	136
15	88000000	89000000	171
15	89000000	90000000	206
15	90000000	91000000	146
15	91000000	92000000	130
15	92000000	93000000	119
15	93000000	94000000	123
15	94000000	95000000	156
15	95000000	96000000	152
15	96000000	97000000	142
15	97000000	98000000	133
15	98000000	99000000	139
15	99000000	100000000	164
15	100000000	101000000	195
15	101000000	101991189	6
16	0	1000000	422
16	1000000	2000000	410
16	2000000	3000000	339
16	3000000	4000000	326
16	4000000	5000000	285
16	5000000	6000000	308
16	6000000	7000000	324
16	7000000	8000000	318
16	8000000	9000000	253
16	9000000	10000000	278
16	10000000	11000000	267
16	11000000	12000000	280
16	12000000	13000000	227
16	13000000	14000000	215
16	14000000	15000000	214
16	15000000	16000000	216
16	16000000	17000000	240
16	17000000	18000000	240
16	18000000	19000000	275
16	19000000	20000000	246
16	20000000	21000000	259
16	21000000	22000000	291
16	22000000	23000000	247
16	23000000	24000000	275
16	24000000	25000000	222
16	25000000	26000000	221
16	26000000	27000000	253
16	27000000	28000000	284
16	28000000	29000000	241
16	29000000	30000000	235
16	30000000	31000000	312
16	31000000	32000000	290
16	32000000	33000000	303
16	33000000	34000000	256
16	34000000	35000000	426
16	35000000	36000000	300
16	36000000	37000000	306
16	37000000	38000000	258
16	38000000	39000000	272
16	39000000	40000000	255
16	40000000	41000000	249
16	41000000	42000000	261
16	42000000	43000000	322
16	43000000	44000000	295
16	44000000	45000000	274
16	45000000	46000000	270
16	46000000	47000000	298
16	47000000	48000000	244
16	48000000	49000000	275
16	49000000	50000000	299
16	50000000	51000000	273
16	51000000	52000000	193
16	52000000	53000000	242
16	53000000	54000000	201
16	54000000	55000000	204
16	55000000	56000000	240
16	56000000	57000000	244
16	57000000	58000000	284
16	58000000	59000000	253
16	59000000	60000000	128
16	60000000	61000000	168
16	61000000	62000000	197
16	62000000	63000000	234
16	63000000	64000000	231
16	64000000	65000000	202
16	65000000	66000000	204
16	66000000	67000000	183
16	67000000	68000000	185
16	68000000	69000000	183
16	69000000	70000000	180
16	70000000	71000000	207
16	71000000	72000000	179
16	72000000	73000000	169
16	73000000	74000000	217
16	74000000	75000000	210
16	75000000	76000000	247
16	76000000	77000000	190
16	77000000	78000000	206
16	78000000	79000000	190
16	79000000	80000000	173
16	80000000	81000000	133
16	81000000	82000000	139
16	82000000	83000000	135
16	83000000	84000000	104
16	84000000	85000000	114
16	85000000	86000000	145
16	86000000	87000000	125
16	87000000	88000000	136
16	88000000	89000000	171
16	89000000	90000000	206
16	90000000	90338345	5
17	0	1000000	422
17	1000000	2000000	410
17	2000000	3000000	339
17	3000000	4000000	326
17	4000000	5000000	285
17	5000000	6000000	308
17	6000000	7000000	324
17	7000000	8000000	318
17	8000000	9000000	253
17	9000000	10000000	278
17	10000000	11000000	267
17	11000000	12000000	280
17	12000000	13000000	227
17	13000000	14000000	215
17	14000000	15000000	214
17	15000000	16000000	216
17	16000000	17000000	240
17	17000000	18000000	240
17	18000000	19000000	275
17	19000000	20000000	246
17	20000000	21000000	259
17	21000000	22000000	291
17	22000000	23000000	247
17	23000000	24000000	275
17	24000000	25000000	222
17	25000000	26000000	221
17	26000000	27000000	253
17	27000000	28000000	284
17	28000000	29000000	241
17	29000000	30000000	235
17	30000000	31000000	312
17	31000000	32000000	290
17	32000000	33000000	303
17	33000000	34000000	256
17	34000000	35000000	426
17	35000000	36000000	300
17	36000000	37000000	306
17	37000000	38000000	258
17	38000000	39000000	272
17	39000000	40000000	255
17	40000000	41000000	249
17	41000000	42000000	261
17	42000000	43000000	322
17	43000000	44000000	295
17	44000000	45000000	274
17	45000000	46000000	270
17	46000000	47000000	298
17	47000000	48000000	244
17	48000000	49000000	275
17	49000000	50000000	299
17	50000000	51000000	273
17	51000000	52000000	193
17	52000000	53000000	242
17	53000000	54000000	201
17	54000000	55000000	204
17	55000000	56000000	240
17	56000000	57000000	244
17	57000000	58000000	284
17	58000000	59000000	253
17	59000000	60000000	128
17	60000000	61000000	168
17	61000000	62000000	197
17	62000000	63000000	234
17	63000000	64000000	231
17	64000000	65000000	202
17	65000000	66000000	204
17	66000000	67000000	183
17	67000000	68000000	185
17	68000000	69000000	183
17	69000000	70000000	180
17	70000000	71000000	207
17	71000000	72000000	179
17	72000000	73000000	169
17	73000000	74000000	217
17	74000000	75000000	210
17	75000000	76000000	247
17	76000000	77000000	190
17	77000000	78000000	206
17	78000000	79000000	190
17	79000000	80000000	173
17	80000000	81000000	133
17	81000000	82000000	139
17	82000000	83000000	135
17	83000000	83257441	8
18	0	1000000	422
18	1000000	2000000	410
18	2000000	3000000	339
18	3000000	4000000	326
18	4000000	5000000	285
18	5000000	6000000	308
18	6000000	7000000	324
18	7000000	8000000	318
18	8000000	9000000	253
18	9000000	10000000	278
18	10000000	11000000	267
18	11000000	12000000	280
18	12000000	13000000	227
18	13000000	14000000	215
18	14000000	15000000	214
18	15000000	16000000	216
18	16000000	17000000	240
18	17000000	18000000	240
18	18000000	19000000	275
18	19000000	20000000	246
18	20000000	21000000	259
18	21000000	22000000	291
18	22000000	23000000	247
18	23000000	24000000	275
18	24000000	25000000	222
18	25000000	26000000	221
18	26000000	27000000	253
18	27000000	28000000	284
18	28000000	29000000	241
18	29000000	30000000	235
18	30000000	31000000	312
18	31000000	32000000	290
18	32000000	33000000	303
18	33000000	34000000	256
18	34000000	35000000	426
18	35000000	36000000	300
18	36000000	37000000	306
18	37000000	38000000	258
18	38000000	39000000	272
18	39000000	40000000	255
18	40000000	41000000	249
18	41000000	42000000	261
18	42000000	43000000	322
18	43000000	44000000	295
18	44000000	45000000	274
18	45000000	46000000	270
18	46000000	47000000	298
18	47000000	48000000	244
18	48000000	49000000	275
18	49000000	50000000	299
18	50000000	51000000	273
18	51000000	52000000	193
18	52000000	53000000	242
18	53000000	54000000	201
18	54000000	55000000	204
18	55000000	56000000	240
18	56000000	57000000	244
18	57000000	58000000	284
18	58000000	59000000	253
18	59000000	60000000	128
18	60000000	61000000	168
18	61000000	62000000	197
18	62000000	63000000	234
18	63000000	64000000	231
18	64000000	65000000	202
18	65000000	66000000	204
18	66000000	67000000	183
18	67000000	68000000	185
18	68000000	69000000	183
18	69000000	70000000	180
18	70000000	71000000	207
18	71000000	72000000	179
18	72000000	73000000	169
18	73000000	74000000	217
18	74000000	75000000	210
18	75000000	76000000	247
18	76000000	77000000	190
18	77000000	78000000	206
18	78000000	79000000	190
18	79000000	80000000	173
18	80000000	80373285	5
19	0	1000000	422
19	1000000	2000000	410
19	2000000	3000000	339
19	3000000	4000000	326
19	4000000	5000000	285
19	5000000	6000000	308
19	6000000	7000000	324
19	7000000	8000000	318
19	8000000	9000000	253
19	9000000	10000000	278
19	10000000	11000000	267
19	11000000	12000000	280
19	12000000	13000000	227
19	13000000	14000000	215
19	14000000	15000000	214
19	15000000	16000000	216
19	16000000	17000000	240
19	17000000	18000000	240
19	18000000	19000000	275
19	19000000	20000000	246
19	20000000	21000000	259
19	21000000	22000000	291
19	22000000	23000000	247
19	23000000	24000000	275
19	24000000	25000000	222
19	25000000	26000000	221
19	26000000	27000000	253
19	27000000	28000000	284
19	28000000	29000000	241
19	29000000	30000000	235
19	30000000	31000000	312
19	31000000	32000000	290
19	32000000	33000000	303
19	33000000	34000000	256
19	34000000	35000000	426
19	35000000	36000000	300
19	36000000	37000000	306
19	37000000	38000000	258
19	38000000	39000000	272
19	39000000	40000000	255
19	40000000	41000000	249
19	41000000	42000000	261
19	42000000	43000000	322
19	43000000	44000000	295
19	44000000	45000000	274
19	45000000	46000000	270
19	46000000	47000000	298
19	47000000	48000000	244
19	48000000	49000000	275
19	49000000	50000000	299
19	50000000	51000000	273
19	51000000	52000000	193
19	52000000	53000000	242
19	53000000	54000000	201
19	54000000	55000000	204
19	55000000	56000000	240
19	56000000	57000000	244
19	57000000	58000000	284
19	58000000	58617616	5
20	0	1000000	422
20	1000000	2000000	410
20	2000000	3000000	339
20	3000000	4000000	326
20	4000000	5000000	285
20	5000000	6000000	308
20	6000000	7000000	324
20	7000000	8000000	318
20	8000000	9000000	253
20	9000000	10000000	278
20	10000000	11000000	267
20	11000000	12000000	280
20	12000000	13000000	227
20	13000000	14000000	215
20	14000000	15000000	214
20	15000000	16000000	216
20	16000000	17000000	240
20	17000000	18000000	240
20	18000000	19000000	275
20	19000000	20000000	246
20	20000000	21000000	259
20	21000000	22000000	291
20	22000000	23000000	247
20	23000000	24000000	275
20	24000000	25000000	222
20	25000000	26000000	221
20	26000000	27000000	253
20	27000000	28000000	284
20	28000000	29000000	241
20	29000000	30000000	235
20	30000000	31000000	312
20	31000000	32000000	290
20	32000000	33000000	303
20	33000000	34000000	256
20	34000000	35000000	426
20	35000000	36000000	300
20	36000000	37000000	306
20	37000000	38000000	258
20	38000000	39000000	272
20	39000000	40000000	255
20	40000000	41000000	249
20	41000000	42000000	261
20	42000000	43000000	322
20	43000000	44000000	295
20	44000000	45000000	274
20	45000000	46000000	270
20	46000000	47000000	298
20	47000000	48000000	244
20	48000000	49000000	275
20	49000000	50000000	299
20	50000000	51000000	273
20	51000000	52000000	193
20	52000000	53000000	242
20	53000000	54000000	201
20	54000000	55000000	204
20	55000000	56000000	240
20	56000000	57000000	244
20	57000000	58000000	284
20	58000000	59000000	253
20	59000000	60000000	128
20	60000000	61000000	168
20	61000000	62000000	197
20	62000000	63000000	234
20	63000000	64000000	231
20	64000000	64444167	8
21	0	1000000	422
21	1000000	2000000	410
21	2000000	3000000	339
21	3000000	4000000	326
21	4000000	5000000	285
21	5000000	6000000	308
21	6000000	7000000	324
21	7000000	8000000	318
21	8000000	9000000	253
21	9000000	10000000	278
21	10000000	11000000	267
21	11000000	12000000	280
21	12000000	13000000	227
21	13000000	14000000	215
21	14000000	15000000	214
21	15000000	16000000	216
21	16000000	17000000	240
21	17000000	18000000	240
21	18000000	19000000	275
21	19000000	20000000	246
21	20000000	21000000	259
21	21000000	22000000	291
21	22000000	23000000	247
21	23000000	24000000	275
21	24000000	25000000	222
21	25000000	26000000	221
21	26000000	27000000	253
21	27000000	28000000	284
21	28000000	29000000	241
21	29000000	30000000	235
21	30000000	31000000	312
21	31000000	32000000	290
21	32000000	33000000	303
21	33000000	34000000	256
21	34000000	35000000	426
21	35000000	36000000	300
21	36000000	37000000	306
21	37000000	38000000	258
21	38000000	39000000	272
21	39000000	40000000	255
21	40000000	41000000	249
21	41000000	42000000	261
21	42000000	43000000	322
21	43000000	44000000	295
21	44000000	45000000	274
21	45000000	46000000	270
21	46000000	46709983	6
22	0	1000000	422
22	1000000	2000000	410
22	2000000	3000000	339
22	3000000	4000000	326
22	4000000	5000000	285
22	5000000	6000000	308
22	6000000	7000000	324
22	7000000	8000000	318
22	8000000	9000000	253
22	9000000	10000000	278
22	10000000	11000000	267
22	11000000	12000000	280
22	12000000	13000000	227
22	13000000	14000000	215
22	14000000	15000000	214
22	15000000	16000000	216
22	16000000	17000000	240
22	17000000	18000000	240
22	18000000	19000000	275
22	19000000	20000000	246
22	20000000	21000000	259
22	21000000	22000000	291
22	22000000	23000000	247
22	23000000	24000000	275
22	24000000	25000000	222
22	25000000	26000000	221
22	26000000	27000000	253
22	27000000	28000000	284
22	28000000	29000000	241
22	29000000	30000000	235
22	30000000	31000000	312
22	31000000	32000000	290
22	32000000	33000000	303
22	33000000	34000000	256
22	34000000	35000000	426
22	35000000	36000000	300
22	36000000	37000000	306
22	37000000	38000000	258
22	38000000	39000000	272
22	39000000	40000000	255
22	40000000	41000000	249
22	41000000	42000000	261
22	42000000	43000000	322
22	43000000	44000000	295
22	44000000	45000000	274
22	45000000	46000000	270
22	46000000	47000000	298
22	47000000	48000000	244
22	48000000	49000000	275
22	49000000	50000000	299
22	50000000	50818468	8
X	0	1000000	422
X	1000000	2000000	410
X	2000000	3000000	339
X	3000000	4000000	326
X	4000000	5000000	285
X	5000000	6000000	308
X	6000000	7000000	324
X	7000000	8000000	318
X	8000000	9000000	253
X	9000000	10000000	278
X	10000000	11000000	267
X	11000000	12000000	280
X	12000000	13000000	227
X	13000000	14000000	215
X	14000000	15000000	214
X	15000000	16000000	216
X	16000000	17000000	240
X	17000000	18000000	240
X	18000000	19000000	275
X	19000000	20000000	246
X	20000000	21000000	259
X	21000000	22000000	291
X	22000000	23000000	247
X	23000000	24000000	275
X	24000000	25000000	222
X	25000000	26000000	221
X	26000000	27000000	253
X	27000000	28000000	284
X	28000000	29000000	241
X	29000000	30000000	235
X	30000000	31000000	312
X	31000000	32000000	290
X	32000000	33000000	303
X	33000000	34000000	256
X	34000000	35000000	426
X	35000000	36000000	300
X	36000000	37000000	306
X	37000000	38000000	258
X	38000000	39000000	272
X	39000000	40000000	255
X	40000000	41000000	249
X	41000000	42000000	261
X	42000000	43000000	322
X	43000000	44000000	295
X	44000000	45000000	274
X	45000000	46000000	270
X	46000000	47000000	298
X	47000000	48000000	244
X	48000000	49000000	275
X	49000000	50000000	299
X	50000000	51000000	273
X	51000000	52000000	193
X	52000000	53000000	242
X	53000000	54000000	201
X	54000000	55000000	204
X	55000000	56000000	240
X	56000000	57000000	244
X	57000000	58000000	284
X	58000000	59000000	253
X	59000000	60000000	128
X	60000000	61000000	168
X	61000000	62000000	197
X	62000000	63000000	234
X	63000000	64000000	231
X	64000000	65000000	202
X	65000000	66000000	204
X	66000000	67000000	183
X	67000000	68000000	185
X	68000000	69000000	183
X	69000000	70000000	180
X	70000000	71000000	207
X	71000000	72000000	179
X	72000000	73000000	169
X	73000000	74000000	217
X	74000000	75000000	210
X	75000000	76000000	247
X	76000000	77000000	190
X	77000000	78000000	206
X	78000000	79000000	190
X	79000000	80000000	173
X	80000000	81000000	133
X	81000000	82000000	139
X	82000000	83000000	135
X	83000000	84000000	104
X	84000000	85000000	114
X	85000000	86000000	145
X	86000000	87000000	125
X	87000000	88000000	136
X	88000000	89000000	171
X	89000000	90000000	206
X	90000000	91000000	146
X	91000000	92000000	130
X	92000000	93000000	119
X	93000000	94000000	123
X	94000000	95000000	156
X	95000000	96000000	152
X	96000000	97000000	142
X	97000000	98000000	133
X	98000000	99000000	139
X	99000000	100000000	164
X	100000000	101000000	195
X	101000000	102000000	177
X	102000000	103000000	153
X	103000000	104000000	124
X	104000000	105000000	117
X	105000000	106000000	133
X	106000000	107000000	130
X	107000000	108000000	123
X	108000000	109000000	125
X	109000000	110000000	134
X	110000000	111000000	160
X	111000000	112000000	135
X	112000000	113000000	157
X	113000000	114000000	158
X	114000000	115000000	116
X	115000000	116000000	83
X	116000000	117000000	112
X	117000000	118000000	89
X	118000000	119000000	116
X	119000000	120000000	145
X	120000000	121000000	110
X	121000000	122000000	108
X	122000000	123000000	139
X	123000000	124000000	109
X	124000000	125000000	121
X	125000000	126000000	122
X	126000000	127000000	103
X	127000000	128000000	124
X	128000000	129000000	147
X	129000000	130000000	133
X	130000000	131000000	149
X	131000000	132000000	152
X	132000000	133000000	157
X	133000000	134000000	150
X	134000000	135000000	108
X	135000000	136000000	103
X	136000000	137000000	98
X	137000000	138000000	96
X	138000000	139000000	94
X	139000000	140000000	84
X	140000000	141000000	72
X	141000000	142000000	105
X	142000000	143000000	81
X	143000000	144000000	202
X	144000000	145000000	102
X	145000000	146000000	64
X	146000000	147000000	46
X	147000000	148000000	61
X	148000000	149000000	76
X	149000000	150000000	130
X	150000000	151000000	102
X	151000000	152000000	118
X	152000000	153000000	88
X	153000000	154000000	112
X	154000000	155000000	103
X	155000000	156000000	104
X	156000000	156040895	8
Y	0	1000000	422
Y	1000000	2000000	410
Y	2000000	3000000	339
Y	3000000	4000000	326
Y	4000000	5000000	285
Y	5000000	6000000	308
Y	6000000	7000000	324
Y	7000000	8000000	318
Y	8000000	9000000	253
Y	9000000	10000000	278
Y	10000000	11000000	267
Y	11000000	12000000	280
Y	12000000	13000000	227
Y	13000000	14000000	215
Y	14000000	15000000	214
Y	15000000	16000000	216
Y	16000000	17000000	240
Y	17000000	18000000	240
Y	18000000	19000000	275
Y	19000000	20000000	246
Y	20000000	21000000	259
Y	21000000	22000000	291
Y	22000000	23000000	247
Y	23000000	24000000	275
Y	24000000	25000000	222
Y	25000000	26000000	221
Y	26000000	27000000	253
Y	27000000	28000000	284
Y	28000000	29000000	241
Y	29000000	30000000	235
Y	30000000	31000000	312
Y	31000000	32000000	290
Y	32000000	33000000	303
Y	33000000	34000000	256
Y	34000000	35000000	426
Y	35000000	36000000	300
Y	36000000	37000000	306
Y	37000000	38000000	258
Y	38000000	39000000	272
Y	39000000	40000000	255
Y	40000000	41000000	249
Y	41000000	42000000	261
Y	42000000	43000000	322
Y	43000000	44000000	295
Y	44000000	45000000	274
Y	45000000	46000000	270
Y	46000000	47000000	298
Y	47000000	48000000	244
Y	48000000	49000000	275
Y	49000000	50000000	299
Y	50000000	51000000	273
Y	51000000	52000000	193
Y	52000000	53000000	242
Y	53000000	54000000	201
Y	54000000	55000000	204
Y	55000000	56000000	240
Y	56000000	57000000	244
Y	57000000	57227415	8
